strategi
** student types view rate
- content view ratio
[ 0.49456503  0.16460248  0.14676171  0.09401033  0.06131556]
(0.99722803592316511, '55d1d4a19997410800eefc54', array([ 0.93333333,  0.        ,  0.06666667,  0.        ,  0.        ,
        0.        ,  0.        ]))
(0.97209841619082105, '55d1c04dc55fa508003dc660', array([ 0.125,  0.   ,  0.875,  0.   ,  0.   ,  0.   ,  0.   ]))
(0.95928297115538519, '55d1d7b49997410800eefecc', array([ 0.11764706,  0.70588235,  0.17647059,  0.        ,  0.        ,
        0.        ,  0.        ]))
(0.80858812414871173, '55d1c04dc55fa508003dc69a', array([ 0.2,  0. ,  0. ,  0.8,  0. ,  0. ,  0. ]))
(0.81388492764792453, '55d2df359552f108007372e1', array([ 0.,  0.,  0.,  0.,  0.,  0.,  1.]))

- folder view ratio
[ 0.56322596  0.20560729  0.0960484   0.0478546   0.03204283  0.02279807]
6
(0.99775788573079693, '55d1c04dc55fa508003dc669', array([ 0.        ,  0.        ,  0.        ,  0.        ,  0.18181818,
        0.09090909,  0.        ,  0.72727273,  0.        ]))
(0.98471999183673431, '55d1d63f9997410800eefde4', array([ 0.        ,  0.        ,  0.        ,  0.        ,  0.92857143,
        0.        ,  0.07142857,  0.        ,  0.        ]))
(0.9964075168835651, '55d1d7b29997410800eefec6', array([ 0.,  0.,  0.,  0.,  0.,  1.,  0.,  0.,  0.]))
(0.96139057351005774, '55d1d7b49997410800eefecd', array([ 0.,  0.,  0.,  0.,  0.,  0.,  1.,  0.,  0.]))
(0.9001161157585702, '55d318849552f1080073732e', array([ 0.,  0.,  0.,  0.,  0.,  0.,  0.,  0.,  1.]))
(0.78599087068939633, '55d1d74a9997410800eefe5a', array([ 0.,  1.,  0.,  0.,  0.,  0.,  0.,  0.,  0.]))

 ** kultur
[ 0.36776834  0.22342811  0.13132825  0.1101632   0.09345028]
(0.99816247938402625, '55d1dd3a9552f10800737157', array([ 0.75  ,  0.0625,  0.0625,  0.    ,  0.0625,  0.    ,  0.0625]))
(0.92557713892480409, '55f6a01b65a4b00800a400b7', array([ 0.05555556,  0.55555556,  0.38888889,  0.        ,  0.        ,
        0.        ,  0.        ]))
(0.76763444124759994, '55d1dd3a9552f1080073716c', array([ 0.3,  0. ,  0. ,  0.7,  0. ,  0. ,  0. ]))
(0.8348168784768244, '55d1dd3a9552f1080073715b', array([ 0.        ,  0.33333333,  0.        ,  0.        ,  0.        ,
        0.        ,  0.66666667]))
(0.8541604418456451, '55d1dd3a9552f10800737183', array([ 0.16666667,  0.27777778,  0.        ,  0.        ,  0.33333333,
        0.11111111,  0.11111111]))

** entre
- content view
[ 0.43434179  0.2907557   0.16251755  0.04571797  0.04444516]
(0.98337279612799922, '55d1dd959552f108007371cd', array([ 0.        ,  0.28571429,  0.71428571,  0.        ,  0.        ,
        0.        ,  0.        ]))
(0.93992727769762607, '55d1dd959552f108007371c8', array([ 0.15384615,  0.69230769,  0.        ,  0.15384615,  0.        ,
        0.        ,  0.        ]))
(0.99535103443754958, '55d1dd989552f108007371d4', array([ 0.88888889,  0.        ,  0.11111111,  0.        ,  0.        ,
        0.        ,  0.        ]))
(0.72656696608610793, '55d1dd959552f108007371c9', array([ 0.        ,  0.08333333,  0.33333333,  0.58333333,  0.        ,
        0.        ,  0.        ]))
(0.86190981239347619, '55d1ddb09552f10800737214', array([ 0.0625,  0.    ,  0.125 ,  0.    ,  0.    ,  0.    ,  0.8125]))

- folder view
[ 0.6872822  0.3127178]
2
(0.9988619024913582, '55d1ddac9552f108007371ff', array([ 0.4,  0.6,  0. ]))
(0.98987659608113676, '55d1ddb09552f10800737211', array([ 0.5 ,  0.25,  0.25]))
